-1 -1 -1.00
 28240   7812 3.61
 14021   6510 2.15
  5024   7812 0.64
  3587   7812 0.46
  6999   7812 0.90
  4227   7812 0.54
  7459   7812 0.95
  4212   7812 0.54
  7174   7812 0.92
  3361   7812 0.43
  6360   7812 0.81
  4848   7812 0.62
  3488   7812 0.45
   930   7812 0.12
  1733   7812 0.22
  1361   7812 0.17
  1671   7812 0.21
  1713   7812 0.22
  1453   7812 0.19
  1361   7812 0.17
  1270   7812 0.16
  1350   7812 0.17
  1435   7812 0.18
   868   7812 0.11
  2515   7812 0.32
  1830   7812 0.23
  1463   7812 0.19
  2484   7812 0.32
  2804   7812 0.36
  1900   7812 0.24
  2207   7812 0.28
  3242   7812 0.42
-1 -1 -1.00
 20230   7812 2.59
  2622   7812 0.34
  2747   7812 0.35
  3966   7812 0.51
  5499   7812 0.70
  5527   7812 0.71
  3055   7812 0.39
  2105   7812 0.27
  3105   7812 0.40
  2049   7812 0.26
  1295   7812 0.17
   847   7812 0.11
   797   7812 0.10
  1079   7812 0.14
  1558   7812 0.20
  1280   7812 0.16
  1383   7812 0.18
  1371   7812 0.18
  1312   7812 0.17
  1651   7812 0.21
  1539   7812 0.20
  1868   7812 0.24
  4128   7812 0.53
   766   7812 0.10
  5173   7812 0.66
   743   7812 0.10
  5073   7812 0.65
  1121   7812 0.14
  5371   7812 0.69
  2240   7812 0.29
  3444   7812 0.44
  3343   7812 0.43
  3505   7812 0.45
  2359   7812 0.30
  1909   7812 0.24
  3272   7812 0.42
  1537   7812 0.20
  2899   7812 0.37
  1904   7812 0.24
  4419   7812 0.57
  1733   7812 0.22
  1948   7812 0.25
  3250   7812 0.42
-1 -1 -1.00
 22879   7812 2.93
  2559   7812 0.33
  1545   7812 0.20
  1394   7812 0.18
  1391   7812 0.18
  1256   7812 0.16
  1525   7812 0.20
  1840   7812 0.24
  1972   7812 0.25
  2544   7812 0.33
  1857   7812 0.24
   799   7812 0.10
  1126   7812 0.14
   906   7812 0.12
  1255   7812 0.16
  1899   7812 0.24
  2100   7812 0.27
  2115   7812 0.27
  2438   7812 0.31
  2021   7812 0.26
  2510   7812 0.32
  2646   7812 0.34
  2668   7812 0.34
  2992   7812 0.38
  1750   7812 0.22
  3814   7812 0.49
  2477   7812 0.32
  1291   7812 0.17
  1826   7812 0.23
  2194   7812 0.28
  2006   7812 0.26
  3182   7812 0.41
  1265   7812 0.16
  1056   7812 0.14
   699   7812 0.09
   697   7812 0.09
   739   7812 0.09
   690   7812 0.09
   708   7812 0.09
  1184   7812 0.15
  1217   7812 0.16
  1386   7812 0.18
  1868   7812 0.24
  1292   7812 0.17
-1 -1 -1.00
 64672   7812 8.28
 10658  39062 0.27
 10734   7812 1.37
  9883   7812 1.27
 13209   7812 1.69
 18944   7812 2.42
  7161   7812 0.92
 13669   7812 1.75
 19358   7812 2.48
 16657   7812 2.13
-1 -1 -1.00
 30437   7812 3.90
  4230   9765 0.43
  7524   9765 0.77
  6057   7812 0.78
 10726   7812 1.37
 10527   7812 1.35
  3531   7812 0.45
  6145   7812 0.79
  5483   7812 0.70
  5927   7812 0.76
  6594   7812 0.84
  6243   7812 0.80
  4214   7812 0.54
  1173   7812 0.15
  2579   7812 0.33
  3467   7812 0.44
  1006   7812 0.13
  1932   7812 0.25
  1541   7812 0.20
  1840   7812 0.24
  1792   7812 0.23
  1618   7812 0.21
  1823   7812 0.23
   857   7812 0.11
  1571   7812 0.20
  3207   7812 0.41
-1 -1 -1.00
 21140   7812 2.71
  4431   7812 0.57
  3492   7812 0.45
  2063   7812 0.26
  2159   7812 0.28
  2100   7812 0.27
  4182   7812 0.54
  5454   7812 0.70
  4416   7812 0.57
  1286   7812 0.16
  1223   7812 0.16
  1666   7812 0.21
   984   7812 0.13
   984   7812 0.13
   972   7812 0.12
   820   7812 0.10
  1237   7812 0.16
  1840   7812 0.24
  1670   7812 0.21
   920   7812 0.12
  1164   7812 0.15
  1058   7812 0.14
  2586   7812 0.33
  2443   7812 0.31
  3948   7812 0.51
   578   7812 0.07
  5924   7812 0.76
  1096   7812 0.14
  2313   7812 0.30
  3183   7812 0.41
  2603   7812 0.33
  1869   7812 0.24
  8228   7812 1.05
   728   7812 0.09
  2862   7812 0.37
  2756   7812 0.35
  2764   7812 0.35
  1120   7812 0.14
  2006   7812 0.26
  3050   7812 0.39
  3503   7812 0.45
  1761   7812 0.23
  6553   7812 0.84
  1815   7812 0.23
  2608   7812 0.33
   844   7812 0.11
  5552   7812 0.71
  1361   7812 0.17
-1 -1 -1.00
 23246   7812 2.98
  2472   7812 0.32
  1587   7812 0.20
  1384   7812 0.18
  1612   7812 0.21
  2149   7812 0.28
  2085   7812 0.27
  2045   7812 0.26
  2008   7812 0.26
  1171   7812 0.15
  1192   7812 0.15
  1087   7812 0.14
  1018   7812 0.13
   913   7812 0.12
  1321   7812 0.17
  2122   7812 0.27
  2448   7812 0.31
  2312   7812 0.30
  1905   7812 0.24
  2406   7812 0.31
  2079   7812 0.27
  2206   7812 0.28
  3139   7812 0.40
  2081   7812 0.27
  1766   7812 0.23
  2106   7812 0.27
  2050   7812 0.26
  2981   7812 0.38
  1240   7812 0.16
  2803   7812 0.36
  1548   7812 0.20
  2706   7812 0.35
  2565   7812 0.33
   663   7812 0.08
   668   7812 0.09
   966   7812 0.12
  1043   7812 0.13
  1092   7812 0.14
  1242   7812 0.16
  1182   7812 0.15
  1189   7812 0.15
  1058   7812 0.14
  1464   7812 0.19
  1285   7812 0.16
   318   7812 0.04
   318   7812 0.04
   318   7812 0.04
   318   7812 0.04
-1 -1 -1.00
 64503   7812 8.26
 10759   7812 1.38
 13169   7812 1.69
 19095   7812 2.44
 21850   7812 2.80
 12639   7812 1.62
  7071   7812 0.91
 20384   7812 2.61
 19687   7812 2.52
-1 -1 -1.00
 30612   7812 3.92
  4638   7812 0.59
  5945   7812 0.76
  6109   7812 0.78
 15069   7812 1.93
  5119   7812 0.66
  3647   7812 0.47
  7234   7812 0.93
  4395   7812 0.56
  7696   7812 0.99
  4363   7812 0.56
  8152   7812 1.04
  3736   7812 0.48
  1644   7812 0.21
  3004   7812 0.38
  1961   7812 0.25
  1399   7812 0.18
  1969   7812 0.25
  1441   7812 0.18
  2088   7812 0.27
-1 -1 -1.00
 20879   7812 2.67
  2501   7812 0.32
  1989   7812 0.25
  1261   7812 0.16
  1660   7812 0.21
  3911   7812 0.50
  2746   7812 0.35
  5102   7812 0.65
  5214   7812 0.67
  2809   7812 0.36
  1995   7812 0.26
  2303   7812 0.29
   891   7812 0.11
   764   7812 0.10
   808   7812 0.10
  1041   7812 0.13
  1131   7812 0.14
  1488   7812 0.19
  1464   7812 0.19
  1190   7812 0.15
  1520   7812 0.19
  1188   7812 0.15
  1571   7812 0.20
  1306   7812 0.17
  5053   7812 0.65
   606   7812 0.08
  5662   7812 0.72
   595   7812 0.08
  2674   7812 0.34
  5940   7812 0.76
   932   7812 0.12
  1726   7812 0.22
  7190   7812 0.92
  1318   7812 0.17
  1704   7812 0.22
  2785   7812 0.36
  3374   7812 0.43
   743   7812 0.10
  4598   7812 0.59
  1675   7812 0.21
  2634   7812 0.34
  3190   7812 0.41
  5318   7812 0.68
-1 -1 -1.00
 23400   7812 3.00
  2582   7812 0.33
  1651   7812 0.21
  1653   7812 0.21
  1885   7812 0.24
  2176   7812 0.28
  1274   7812 0.16
  1144   7812 0.15
  1296   7812 0.17
  1366   7812 0.17
  2618   7812 0.34
   786   7812 0.10
  1018   7812 0.13
  1156   7812 0.15
  1563   7812 0.20
  1809   7812 0.23
  1831   7812 0.23
  2137   7812 0.27
  2061   7812 0.26
  1979   7812 0.25
  2111   7812 0.27
  2446   7812 0.31
  3207   7812 0.41
  1095   7812 0.14
  3159   7812 0.40
  1278   7812 0.16
  3256   7812 0.42
  1444   7812 0.18
  3436   7812 0.44
  2159   7812 0.28
  2659   7812 0.34
  2614   7812 0.33
   472   7812 0.06
   390   7812 0.05
   386   7812 0.05
   381   7812 0.05
   381   7812 0.05
   381   7812 0.05
   381   7812 0.05
   381   7812 0.05
   381   7812 0.05
   381   7812 0.05
   381   7812 0.05
-1 -1 -1.00
 64491   7812 8.26
 10822   7812 1.39
 10941   7812 1.40
 10029   7812 1.28
 11413   7812 1.46
 19894   7812 2.55
 15159   7812 1.94
 10438   7812 1.34
 17938   7812 2.30
 15977   7812 2.05
-1 -1 -1.00
 31146   7812 3.99
  4994   9765 0.51
  5781   9765 0.59
  5615   7812 0.72
  5947   7812 0.76
  5239   7812 0.67
  7973   7812 1.02
  5051   7812 0.65
  6578   7812 0.84
  5016   7812 0.64
  8075   7812 1.03
 12577   7812 1.61
  2507   7812 0.32
  1312   7812 0.17
  1909   7812 0.24
  1461   7812 0.19
  2007   7812 0.26
  1333   7812 0.17
  1308   7812 0.17
   901   7812 0.12
  1280   7812 0.16
  2374   7812 0.30
   882   7812 0.11
   898   7812 0.11
  2478   7812 0.32
-1 -1 -1.00
 27072   7812 3.47
  1553   7812 0.20
  1958   7812 0.25
  1600   7812 0.20
  1438   7812 0.18
  2568   7812 0.33
  3555   7812 0.46
  4468   7812 0.57
  4720   7812 0.60
  1946   7812 0.25
  1925   7812 0.25
   746   7812 0.10
   924   7812 0.12
   854   7812 0.11
   746   7812 0.10
   902   7812 0.12
  1569   7812 0.20
  2655   7812 0.34
  2573   7812 0.33
  1220   7812 0.16
  1138   7812 0.15
  1431   7812 0.18
  1261   7812 0.16
  2814   7812 0.36
  2632   7812 0.34
  3145   7812 0.40
  1880   7812 0.24
  4656   7812 0.60
  1146   7812 0.15
  5054   7812 0.65
  2531   7812 0.32
  1148   7812 0.15
  7297   7812 0.93
  1610   7812 0.21
  3006   7812 0.38
  3484   7812 0.45
  3435   7812 0.44
  2545   7812 0.33
  1236   7812 0.16
  2990   7812 0.38
  1762   7812 0.23
  4350   7812 0.56
-1 -1 -1.00
 22653   7812 2.90
  2390   7812 0.31
  1510   7812 0.19
  1471   7812 0.19
  2212   7812 0.28
  1899   7812 0.24
  2094   7812 0.27
  2337   7812 0.30
  1146   7812 0.15
  1252   7812 0.16
  1318   7812 0.17
  1138   7812 0.15
  1011   7812 0.13
  1154   7812 0.15
  1447   7812 0.19
  2483   7812 0.32
  2479   7812 0.32
  1662   7812 0.21
  2543   7812 0.33
  1844   7812 0.24
  2744   7812 0.35
  2505   7812 0.32
  1682   7812 0.22
  1764   7812 0.23
  1958   7812 0.25
  2492   7812 0.32
  1790   7812 0.23
  3521   7812 0.45
  2516   7812 0.32
  2603   7812 0.33
  3087   7812 0.40
   438   7812 0.06
   379   7812 0.05
   376   7812 0.05
   376   7812 0.05
   376   7812 0.05
   376   7812 0.05
   376   7812 0.05
   376   7812 0.05
   376   7812 0.05
   376   7812 0.05
   376   7812 0.05
   376   7812 0.05
   376   7812 0.05
-1 -1 -1.00
 62884   7812 8.05
 10495   7812 1.34
 12747   7812 1.63
 10541   7812 1.35
 10636   7812 1.36
 19072   7812 2.44
 13994   7812 1.79
  4275   7812 0.55
 16460   7812 2.11
 15885   7812 2.03
-1 -1 -1.00
 30666   7812 3.93
  4549   9765 0.47
  7649   7812 0.98
  3248   7812 0.42
  6846   7812 0.88
 17570   7812 2.25
  3172   7812 0.41
  5226   7812 0.67
  5811   7812 0.74
  4952   7812 0.63
  7526   7812 0.96
  6065   7812 0.78
  3655   7812 0.47
  1695   7812 0.22
  1730   7812 0.22
  3826   7812 0.49
  1661   7812 0.21
  1482   7812 0.19
  2020   7812 0.26
  1655   7812 0.21
  2125   7812 0.27
  1671   7812 0.21
  1427   7812 0.18
   969   7812 0.12
  1001   7812 0.13
  2126   7812 0.27
  1414   7812 0.18
  1551   7812 0.20
-1 -1 -1.00
 28224   7812 3.61
  1984   7812 0.25
  1948   7812 0.25
  2654   7812 0.34
  1496   7812 0.19
  4544   7812 0.58
  4625   7812 0.59
  2524   7812 0.32
  1054   7812 0.13
  2023   7812 0.26
  1462   7812 0.19
   849   7812 0.11
   831   7812 0.11
   842   7812 0.11
   754   7812 0.10
  1889   7812 0.24
  2531   7812 0.32
  1364   7812 0.17
   866   7812 0.11
   553   7812 0.07
  1452   7812 0.19
  4823   7812 0.62
  1416   7812 0.18
  3659   7812 0.47
   744   7812 0.10
  6688   7812 0.86
  1021   7812 0.13
  1674   7812 0.21
  4792   7812 0.61
  1158   7812 0.15
  2813   7812 0.36
  5361   7812 0.69
  1495   7812 0.19
  4789   7812 0.61
  2301   7812 0.29
  2772   7812 0.35
  1078   7812 0.14
  1970   7812 0.25
  2012   7812 0.26
  3045   7812 0.39
  1795   7812 0.23
  6368   7812 0.82
   867   7812 0.11
-1 -1 -1.00
 23423   7812 3.00
  2259   7812 0.29
  1670   7812 0.21
  1638   7812 0.21
  2206   7812 0.28
  1942   7812 0.25
  2171   7812 0.28
  1921   7812 0.25
  1151   7812 0.15
  1233   7812 0.16
  1315   7812 0.17
  1533   7812 0.20
   903   7812 0.12
  1106   7812 0.14
  1243   7812 0.16
  2170   7812 0.28
  2547   7812 0.33
  2681   7812 0.34
  1607   7812 0.21
  1827   7812 0.23
  3030   7812 0.39
  1574   7812 0.20
  2666   7812 0.34
  1953   7812 0.25
  2313   7812 0.30
  1771   7812 0.23
  2491   7812 0.32
  1944   7812 0.25
  3732   7812 0.48
  1781   7812 0.23
  2755   7812 0.35
  2606   7812 0.33
   569   7812 0.07
   457   7812 0.06
   411   7812 0.05
   403   7812 0.05
   403   7812 0.05
   403   7812 0.05
   403   7812 0.05
   403   7812 0.05
   403   7812 0.05
   403   7812 0.05
   403   7812 0.05
   403   7812 0.05
-1 -1 -1.00
 64720   7812 8.28
 11716   7812 1.50
 14924   7812 1.91
 11920   7812 1.53
 18869   7812 2.42
 22895   7812 2.93
 20124   7812 2.58
 13829   7812 1.77
-1 -1 -1.00
 31058   7812 3.98
  5524   9765 0.57
  7076   9765 0.72
  5729   7812 0.73
  5999   7812 0.77
  7120   7812 0.91
  5724   7812 0.73
  5196   7812 0.67
  6398   7812 0.82
 13414   7812 1.72
  6111   7812 0.78
  3847   7812 0.49
  4419   7812 0.57
  1887   7812 0.24
  1608   7812 0.21
  2236   7812 0.29
  1666   7812 0.21
  1674   7812 0.21
  1758   7812 0.23
  3242   7812 0.42
  1795   7812 0.23
  1400   7812 0.18
  1688   7812 0.22
  1544   7812 0.20
  1343   7812 0.17
  1747   7812 0.22
  1323   7812 0.17
  2121   7812 0.27
-1 -1 -1.00
 24762   7812 3.17
  1988   7812 0.25
  3926   7812 0.50
  5306   7812 0.68
  2722   7812 0.35
  2957   7812 0.38
  1826   7812 0.23
  4181   7812 0.54
  1760   7812 0.23
  1247   7812 0.16
   809   7812 0.10
   772   7812 0.10
  1200   7812 0.15
  1229   7812 0.16
   936   7812 0.12
   961   7812 0.12
  1448   7812 0.19
  2210   7812 0.28
   918   7812 0.12
   815   7812 0.10
  1400   7812 0.18
  4511   7812 0.58
   611   7812 0.08
  6869   7812 0.88
   722   7812 0.09
   839   7812 0.11
  7877   7812 1.01
  1076   7812 0.14
  1683   7812 0.22
  2773   7812 0.35
  1571   7812 0.20
  4054   7812 0.52
  3052   7812 0.39
  2054   7812 0.26
  2015   7812 0.26
  5193   7812 0.66
  2745   7812 0.35
  3813   7812 0.49
  1297   7812 0.17
  1898   7812 0.24
  3106   7812 0.40
  1973   7812 0.25
-1 -1 -1.00
 23429   7812 3.00
  2523   7812 0.32
  1559   7812 0.20
  1287   7812 0.16
  1352   7812 0.17
  1310   7812 0.17
  1290   7812 0.17
  1644   7812 0.21
  2293   7812 0.29
  2048   7812 0.26
  2645   7812 0.34
   855   7812 0.11
   794   7812 0.10
  1149   7812 0.15
  1090   7812 0.14
  1535   7812 0.20
  1575   7812 0.20
  2834   7812 0.36
  2051   7812 0.26
  2017   7812 0.26
  2325   7812 0.30
  2602   7812 0.33
  2484   7812 0.32
  2524   7812 0.32
  2939   7812 0.38
  2300   7812 0.29
  3169   7812 0.41
   886   7812 0.11
  1465   7812 0.19
  2037   7812 0.26
  2504   7812 0.32
  1972   7812 0.25
   441   7812 0.06
   414   7812 0.05
   415   7812 0.05
   406   7812 0.05
   406   7812 0.05
   406   7812 0.05
   406   7812 0.05
   406   7812 0.05
   406   7812 0.05
   406   7812 0.05
   406   7812 0.05
   406   7812 0.05
-1 -1 -1.00
 64979   7812 8.32
 12622   7812 1.62
 15501   7812 1.98
 18454   7812 2.36
 14278   7812 1.83
  6322   7812 0.81
 20442   7812 2.62
 19938   7812 2.55
 20952   7812 2.68
-1 -1 -1.00
 31404   7812 4.02
  4218   9765 0.43
  5910   9765 0.61
  4154   7812 0.53
  6923   7812 0.89
  5021   7812 0.64
  7554   7812 0.97
  4393   7812 0.56
  7452   7812 0.95
  3952   7812 0.51
  6931   7812 0.89
 15305   7812 1.96
  2375   7812 0.30
  1264   7812 0.16
  1846   7812 0.24
  1388   7812 0.18
  2127   7812 0.27
  1437   7812 0.18
  1823   7812 0.23
  1213   7812 0.16
  1591   7812 0.20
  3645   7812 0.47
  1194   7812 0.15
-1 -1 -1.00
 21269   7812 2.72
  4563   7812 0.58
  2025   7812 0.26
  2422   7812 0.31
  1776   7812 0.23
  1312   7812 0.17
  2506   7812 0.32
  3655   7812 0.47
  4984   7812 0.64
  5949   7812 0.76
  1907   7812 0.24
  1556   7812 0.20
   869   7812 0.11
  1016   7812 0.13
   962   7812 0.12
   828   7812 0.11
   891   7812 0.11
  1087   7812 0.14
  1948   7812 0.25
  2564   7812 0.33
   924   7812 0.12
  1526   7812 0.20
  1615   7812 0.21
  1079   7812 0.14
  2120   7812 0.27
  4284   7812 0.55
  1044   7812 0.13
  3974   7812 0.51
  1191   7812 0.15
  4924   7812 0.63
   991   7812 0.13
  5390   7812 0.69
   607   7812 0.08
  4996   7812 0.64
  3112   7812 0.40
  2659   7812 0.34
  3811   7812 0.49
  3002   7812 0.38
  2965   7812 0.38
  1730   7812 0.22
  1666   7812 0.21
  3346   7812 0.43
  2254   7812 0.29
-1 -1 -1.00
 23197   7812 2.97
  2360   7812 0.30
  1622   7812 0.21
  1452   7812 0.19
  2181   7812 0.28
  1955   7812 0.25
  1997   7812 0.26
  2279   7812 0.29
  1148   7812 0.15
  1274   7812 0.16
  1414   7812 0.18
  1005   7812 0.13
  1056   7812 0.14
  1299   7812 0.17
  1447   7812 0.19
  2065   7812 0.26
  2428   7812 0.31
  2398   7812 0.31
  2364   7812 0.30
  1857   7812 0.24
  2409   7812 0.31
  2432   7812 0.31
  1272   7812 0.16
  2595   7812 0.33
  1684   7812 0.22
  2438   7812 0.31
  2416   7812 0.31
  2358   7812 0.30
  3911   7812 0.50
  2442   7812 0.31
   479   7812 0.06
  2312   7812 0.30
  2007   7812 0.26
   395   7812 0.05
   389   7812 0.05
   375   7812 0.05
   375   7812 0.05
   375   7812 0.05
   375   7812 0.05
   375   7812 0.05
   375   7812 0.05
   375   7812 0.05
   375   7812 0.05
   375   7812 0.05
-1 -1 -1.00
 64611   7812 8.27
 11576   7812 1.48
  9894   7812 1.27
  8324   7812 1.07
 20265   7812 2.59
  7304   7812 0.93
 15383   7812 1.97
 20480   7812 2.62
 21931   7812 2.81
-1 -1 -1.00
 31288   7812 4.01
  6126   7812 0.78
  5687   7812 0.73
  5920   7812 0.76
  5086   7812 0.65
  7599   7812 0.97
  4576   7812 0.59
  7429   7812 0.95
  4795   7812 0.61
  8072   7812 1.03
 14399   7812 1.84
  3603   7812 0.46
  2794   7812 0.36
  1815   7812 0.23
  1399   7812 0.18
  2133   7812 0.27
  1481   7812 0.19
  1857   7812 0.24
  1263   7812 0.16
  1658   7812 0.21
  3905   7812 0.50
  1248   7812 0.16
  1481   7812 0.19
-1 -1 -1.00
 22375   7812 2.86
  3588   7812 0.46
  1923   7812 0.25
  1607   7812 0.21
  1433   7812 0.18
  2498   7812 0.32
  1348   7812 0.17
  4286   7812 0.55
  6023   7812 0.77
  5205   7812 0.67
  2710   7812 0.35
  1100   7812 0.14
   884   7812 0.11
   835   7812 0.11
   820   7812 0.10
  1435   7812 0.18
   740   7812 0.09
  1179   7812 0.15
  1756   7812 0.22
  1849   7812 0.24
  1858   7812 0.24
  1224   7812 0.16
   715   7812 0.09
  1049   7812 0.13
  4255   7812 0.54
   791   7812 0.10
  5528   7812 0.71
   564   7812 0.07
  4224   7812 0.54
  2184   7812 0.28
  1819   7812 0.23
  6383   7812 0.82
  1387   7812 0.18
  2208   7812 0.28
  6703   7812 0.86
  1141   7812 0.15
  2260   7812 0.29
  2548   7812 0.33
  2931   7812 0.38
  2826   7812 0.36
  2697   7812 0.35
-1 -1 -1.00
 23161   7812 2.96
  2340   7812 0.30
  1450   7812 0.19
  1574   7812 0.20
  1942   7812 0.25
  2030   7812 0.26
  1928   7812 0.25
  2090   7812 0.27
  1172   7812 0.15
  1245   7812 0.16
  1460   7812 0.19
  1280   7812 0.16
   997   7812 0.13
  1204   7812 0.15
  1121   7812 0.14
  2074   7812 0.27
  2762   7812 0.35
  2020   7812 0.26
  1991   7812 0.25
  1922   7812 0.25
  2559   7812 0.33
  2343   7812 0.30
  2568   7812 0.33
   959   7812 0.12
  2436   7812 0.31
  1622   7812 0.21
  3395   7812 0.43
  1224   7812 0.16
  2639   7812 0.34
  1155   7812 0.15
   591   7812 0.08
   507   7812 0.06
   471   7812 0.06
   473   7812 0.06
   471   7812 0.06
   474   7812 0.06
   471   7812 0.06
   471   7812 0.06
   471   7812 0.06
   471   7812 0.06
   471   7812 0.06
   471   7812 0.06
   471   7812 0.06
   471   7812 0.06
-1 -1 -1.00
 64692   7812 8.28
 10897   7812 1.39
 13756   7812 1.76
 18469   7812 2.36
 23013   7812 2.95
 10003   7812 1.28
  3948   7812 0.51
 15041   7812 1.93
 21363   7812 2.73
-1 -1 -1.00
 30778   7812 3.94
